0.038000
0.013650
0.043428
0.048647
0.025930
0.014337
0.016803
0.113104
0.068387
0.181627
0.039089
0.119772
0.226224
0.126533
0.271137
0.104382
0.281236
0.132509
0.308666
0.238009
0.323148
0.227493
0.311434
0.296409
0.269425
0.215416
0.392646
0.252616
0.420056
0.346264
0.354563
0.401033
0.476941
0.435764
0.393449
0.413473
0.467541
0.534156
0.549409
0.432171
0.501050
0.549343
0.471229
0.575490
0.613614
0.449121
0.617812
0.652319
0.645198
0.586628
0.660660
0.589460
0.667974
0.692601
0.692055
0.574569
0.564309
0.684217
0.612777
0.667877
0.586031
0.720655
0.686900
0.802267
0.662333
0.823119
0.689764
0.817354
0.770518
0.803906
0.727708
0.742103
0.815079
0.865694
0.835345
0.797647
0.727518
0.879023
0.849534
0.757944
0.804239
0.941138
0.890671
0.953468
0.946072
0.916480
0.857489
0.910833
0.966470
0.826640
0.892764
0.865020
0.852603
0.921465
0.939179
0.964342
0.959054
0.850993
0.953082
0.959889
0.958373
0.875711
0.978428
0.917292
0.933853
1.016641
1.064400
0.936821
0.952546
0.991789
0.976815
1.078838
1.013512
0.959541
0.965062
0.960111
0.894147
1.041770
1.014225
1.017113
1.073448
0.960127
0.901935
1.099483
1.006839
1.066117
1.085665
0.900277
0.989469
1.044017
0.958932
1.084471
0.918617
0.960079
0.917934
1.075485
1.066647
1.068290
0.937251
0.990321
1.074076
0.928459
0.958593
1.067435
1.054648
1.010651
0.885189
1.000305
1.031048
0.904593
0.905384
1.040889
0.863208
0.923819
1.014247
1.016282
0.847161
1.003057
0.892095
0.968466
0.823155
0.865170
0.794771
0.972180
0.905147
0.817539
0.791792
0.817802
0.785774
0.855038
0.862601
0.781477
0.855690
0.920488
0.823641
0.740560
0.865696
0.856942
0.745384
0.782241
0.676850
0.734341
0.715670
0.651061
0.784722
0.811239
0.801757
0.663055
0.697988
0.613123
0.639228
0.731332
0.735268
0.587631
0.657482
0.703479
0.555840
0.702990
0.562440
0.608039
0.584748
0.637452
0.467625
0.643126
0.455569
0.456340
0.574238
0.484012
0.550320
0.592517
0.448675
0.403200
0.556083
0.476675
0.363973
0.438425
0.351736
0.318434
0.411284
0.466247
0.352436
0.288745
0.331712
0.341209
0.332556
0.401837
0.290474
0.204042
0.233204
0.271009
0.168220
0.149045
0.198952
0.112014
0.147190
0.191208
0.139383
0.251184
0.106772
0.080530
0.139592
0.064443
0.177251
-0.010823
0.051650
0.026246
0.064033
-0.003485
0.014303
0.014816
-0.053275
0.086175
-0.021964
-0.125581
-0.047169
-0.056545
-0.167771
-0.139632
-0.007311
-0.149296
-0.149147
-0.105612
-0.071097
-0.182690
-0.205986
-0.207408
-0.199831
-0.178440
-0.260392
-0.287351
-0.226739
-0.259701
-0.259068
-0.263565
-0.277260
-0.210676
-0.394070
-0.325370
-0.439581
-0.373144
-0.418655
-0.443322
-0.474990
-0.311149
-0.412127
-0.341652
-0.410002
-0.447363
-0.384971
-0.436507
-0.385200
-0.576934
-0.546548
-0.557913
-0.525499
-0.629742
-0.499337
-0.528844
-0.600202
-0.640012
-0.546456
-0.523045
-0.653031
-0.546037
-0.680207
-0.671006
-0.660722
-0.603269
-0.654686
-0.752189
-0.676295
-0.659044
-0.683968
-0.674088
-0.630911
-0.655678
-0.703246
-0.738509
-0.730045
-0.826721
-0.740186
-0.861802
-0.809253
-0.754315
-0.727519
-0.893461
-0.874202
-0.756210
-0.901698
-0.897225
-0.784662
-0.757449
-0.935540
-0.779025
-0.955696
-0.921350
-0.879424
-0.904963
-0.909906
-0.898658
-0.865937
-0.873775
-0.984818
-0.890687
-0.975947
-1.011134
-0.853506
-1.016924
-0.850924
-0.923705
-0.893480
-0.997852
-0.897271
-0.936626
-0.964662
-0.925044
-1.015356
-1.036195
-1.043703
-0.989441
-1.077308
-0.952872
-0.977676
-0.900388
-1.087788
-1.063280
-0.906037
-0.992172
-0.956136
-0.935271
-1.084171
-0.935162
-1.057319
-0.991261
-1.092339
-1.064487
-0.997041
-0.967634
-1.043030
-0.986510
-0.978151
-0.936723
-0.922597
-1.035790
-1.050458
-1.056625
-0.928955
-1.056300
-0.946055
-1.006701
-0.983590
-1.027933
-0.903902
-1.064212
-0.891488
-0.936467
-0.868684
-1.014522
-0.867214
-0.934083
-1.042534
-0.982327
-0.939984
-0.958866
-0.954886
-0.899892
-0.925136
-0.889019
-0.981467
-0.954206
-0.882697
-0.875444
-0.827169
-0.980834
-0.790047
-0.800653
-0.895045
-0.768555
-0.770805
-0.814868
-0.857538
-0.923117
-0.798484
-0.789935
-0.849068
-0.878728
-0.897843
-0.883980
-0.784118
-0.870737
-0.753916
-0.791631
-0.671122
-0.685228
-0.755828
-0.650357
-0.662052
-0.630624
-0.762370
-0.666767
-0.678251
-0.620215
-0.614037
-0.630887
-0.579921
-0.714300
-0.631073
-0.568306
-0.632229
-0.646348
-0.597311
-0.583631
-0.571417
-0.560093
-0.603827
-0.475061
-0.559563
-0.499577
-0.581346
-0.462949
-0.537940
-0.432411
-0.441722
-0.502369
-0.473247
-0.353838
-0.508219
-0.458075
-0.396540
-0.355557
-0.419263
-0.352373
-0.282673
-0.376424
-0.285529
-0.256307
-0.294608
-0.326559
-0.197613
-0.182000
-0.324303
-0.317071
-0.190825
-0.230034
-0.124824
-0.110433
-0.172712
-0.259131
-0.197631
-0.108858
-0.159163
-0.186843
-0.120211
-0.012264
-0.082248
-0.135029
0.048877
0.025536
-0.042762
0.085619
